0 94 33 24 3 61 14 61 7 9 23 21 29 33 45 46 76 14 53 41
0 0 75 14 83 92 10 89 10 78 63 5 53 34 13 55 16 46 43 61
0 0 0 87 16 19 22 62 82 70 38 50 2 16 83 75 7 61 63 26
0 0 0 0 45 73 2 33 26 35 92 63 15 61 80 68 31 90 23 96
0 0 0 0 0 91 24 3 68 88 67 62 42 20 41 41 81 92 50 13
0 0 0 0 0 0 79 23 36 7 65 28 47 83 40 78 22 1 81 8
0 0 0 0 0 0 0 47 17 36 30 36 6 43 95 51 81 32 43 80
0 0 0 0 0 0 0 0 72 23 9 5 48 16 55 42 73 76 67 20
0 0 0 0 0 0 0 0 0 7 24 18 86 16 82 32 90 29 74 5
0 0 0 0 0 0 0 0 0 0 11 3 59 61 19 78 95 7 77 93
0 0 0 0 0 0 0 0 0 0 0 94 75 34 18 38 76 74 18 7
0 0 0 0 0 0 0 0 0 0 0 0 63 58 7 30 48 8 53 41
0 0 0 0 0 0 0 0 0 0 0 0 0 22 19 15 21 72 62 74
0 0 0 0 0 0 0 0 0 0 0 0 0 0 73 2 80 10 37 45
0 0 0 0 0 0 0 0 0 0 0 0 0 0 0 83 100 61 58 49
0 0 0 0 0 0 0 0 0 0 0 0 0 0 0 0 23 45 35 69
0 0 0 0 0 0 0 0 0 0 0 0 0 0 0 0 0 67 55 86
0 0 0 0 0 0 0 0 0 0 0 0 0 0 0 0 0 0 49 22
0 0 0 0 0 0 0 0 0 0 0 0 0 0 0 0 0 0 0 69
0 0 0 0 0 0 0 0 0 0 0 0 0 0 0 0 0 0 0 0
